GS/mabsab_all.asc
ncols        725
nrows        803
xllcorner    -81.891666666667
yllcorner    28.408333333333
cellsize     0.016666666667
NODATA_VALUE -32768
[rows 195 to 233 of 803, columns 348 to 434 of 725]
3 5 4 5 7 7 6 7 4 7 9 9 7 7 9 9 7 11 9 2 0 -3 8 11 12 11 11 11 11 10 12 11 11 10 12 12 13 16 14 18 17 16 16 16 15 14 12 12 12 13 11 8 9 10 7 9 7 4 4 6 4 5 -8 -13 -13 -13 -15 -16 -16 -19 -19 -18 -18 -20 -21 -25 -27 -28 -28 -28 -29 -26 -24 -21 -21 -21 -21
1 2 4 7 5 6 5 4 5 6 5 5 4 9 8 5 7 5 6 1 -5 10 11 12 13 13 14 14 13 14 12 12 12 12 11 12 16 19 15 15 18 17 17 16 17 20 16 17 18 12 10 12 12 12 8 7 6 8 7 9 5 3 -4 -13 -13 -12 -14 -15 -16 -19 -18 -16 -17 -19 -21 -24 -26 -27 -26 -29 -29 -30 -28 -27 -23 -21 -21
3 5 5 7 5 3 4 5 4 4 4 3 3 5 5 6 3 -1 -2 -1 9 13 14 14 13 15 17 18 17 16 14 16 15 14 13 13 17 15 17 17 21 19 17 17 17 20 17 16 18 20 14 13 13 13 11 8 7 7 8 9 5 4 -5 -12 -13 -13 -14 -14 -16 -18 -15 -15 -16 -19 -21 -23 -25 -26 -26 -29 -29 -30 -30 -29 -26 -24 -20
0 2 6 4 2 2 2 5 3 4 3 3 2 2 3 2 -7 0 9 11 12 12 14 14 16 17 18 17 18 17 16 16 15 13 16 16 17 19 18 19 20 19 16 14 13 11 17 20 17 17 13 12 13 12 9 9 8 5 6 3 -1 -1 -8 -12 -11 -14 -13 -16 -17 -14 -11 -12 -20 -21 -21 -23 -25 -25 -25 -28 -28 -32 -32 -31 -30 -26 -20
1 3 5 3 3 3 5 4 2 4 2 3 5 4 3 -1 -2 -3 8 10 10 12 11 13 15 15 16 15 16 16 16 17 16 17 16 18 20 19 19 20 20 16 13 12 14 11 19 22 20 16 13 11 12 12 10 7 7 9 6 4 2 0 -7 -11 -12 -10 -12 -19 -16 -10 -13 -18 -18 -21 -19 -23 -23 -25 -27 -28 -29 -31 -31 -28 -27 -30 -23
0 6 5 4 1 4 1 2 2 3 2 3 5 4 2 -1 -1 5 -1 6 10 12 11 11 14 15 15 15 15 14 14 15 16 18 18 20 21 21 23 18 18 14 12 12 11 17 20 18 13 14 13 13 12 10 9 6 8 7 2 3 -1 0 -7 -10 -12 -12 -16 -17 -13 -11 -17 -15 -18 -18 -19 -23 -23 -25 -26 -27 -29 -31 -31 -28 -30 -32 -30
0 4 5 4 3 1 1 2 2 2 2 3 3 4 3 -3 -2 7 8 8 9 11 11 12 13 14 14 17 14 14 14 14 18 18 20 24 24 26 23 19 18 14 12 12 12 16 14 12 15 13 16 16 12 10 7 9 7 8 0 0 -1 0 -5 -10 -12 -16 -14 -17 -20 -14 -11 -20 -16 -16 -18 -22 -23 -25 -26 -26 -29 -30 -29 -28 -34 -34 -34
-1 -1 -1 0 0 2 -3 3 2 3 2 2 3 4 -4 -1 4 10 9 8 9 10 12 12 13 14 14 13 12 13 15 14 16 17 22 20 22 25 21 21 19 17 14 13 12 14 13 12 13 17 16 13 11 10 4 0 3 6 2 -1 -1 0 -6 -11 -16 -13 -16 -17 -17 -15 -18 -14 -19 -18 -19 -21 -22 -25 -26 -27 -28 -28 -27 -33 -35 -36 -33
-1 -2 -1 -1 -1 0 3 4 3 1 4 4 3 2 -5 -2 5 7 7 6 7 10 11 12 14 13 15 14 15 14 13 13 17 18 22 19 22 24 19 20 18 16 15 13 11 12 12 11 15 14 14 12 8 7 5 5 -1 -1 0 0 -1 0 -8 -12 -14 -14 -16 -19 -20 -16 -10 -19 -19 -20 -18 -19 -21 -25 -26 -27 -28 -29 -28 -32 -32 -33 -36
-1 -2 -2 -1 -2 -2 0 0 -3 -2 1 3 2 -3 -5 -1 5 5 7 6 9 8 12 12 12 12 13 16 13 10 11 13 15 17 18 18 21 23 20 21 17 15 14 12 12 14 13 12 13 15 13 11 13 9 12 10 8 3 -2 -1 -1 -2 -9 -14 -11 -15 -19 -17 -20 -10 -15 -20 -21 -19 -17 -17 -22 -25 -28 -26 -29 -29 -29 -32 -31 -32 -35
3 -1 -1 -1 -5 -1 -1 -1 -3 -3 -1 1 0 -3 -2 0 5 3 3 4 6 8 10 10 10 11 11 11 2 -1 10 12 13 15 18 17 17 19 20 21 17 16 15 13 17 15 15 11 13 13 13 13 13 13 9 10 9 0 -1 -2 -1 -4 -12 -9 -13 -17 -14 -18 -19 -14 -19 -18 -19 -16 -18 -18 -21 -25 -25 -26 -28 -28 -30 -30 -30 -32 -35
2 -1 0 -3 0 -1 -1 -1 -2 -2 -2 -1 -2 -3 1 9 7 5 5 5 6 8 4 7 6 8 4 4 0 9 11 12 13 14 14 17 15 17 19 20 18 15 15 13 14 14 13 11 11 11 13 12 15 13 11 5 1 4 4 -1 -1 -9 -9 -13 -16 -16 -18 -21 -18 -19 -18 -16 -15 -19 -21 -18 -18 -23 -26 -26 -27 -28 -28 -29 -30 -31 -34
-1 -1 -1 -1 -1 -1 -1 -1 -2 -1 0 -2 -2 2 6 7 6 5 4 7 8 0 5 7 6 8 6 7 11 10 12 13 15 16 14 17 18 18 17 19 17 17 14 12 14 13 14 11 10 10 14 14 10 11 8 8 9 7 5 -2 -4 -9 -9 -15 -13 -13 -21 -20 -20 -21 -16 -12 -19 -20 -16 -18 -19 -22 -26 -26 -26 -27 -27 -29 -30 -32 -35
-1 0 -1 -2 -2 -1 -1 0 -2 -1 -3 -2 1 6 4 4 3 4 3 3 -3 2 9 10 11 13 16 15 12 12 12 16 17 18 19 19 16 18 15 15 14 14 13 12 14 13 9 9 12 13 13 14 13 10 9 9 8 6 1 -1 -5 -11 -15 -14 -14 -18 -18 -19 -22 -20 -16 -20 -18 -15 -16 -26 -21 -22 -26 -23 -24 -25 -29 -27 -28 -33 -35
2 1 0 -2 -1 0 0 0 -1 -2 -2 -1 5 3 2 4 4 3 4 0 3 10 9 10 11 11 12 14 13 15 18 18 19 18 18 18 17 17 17 16 18 16 12 11 12 12 10 13 13 11 10 17 13 9 4 7 8 3 -1 -5 -11 -13 -10 -15 -17 -17 -17 -21 -21 -20 -22 -16 -11 -14 -22 -21 -20 -22 -21 -21 -24 -27 -27 -27 -30 -32 -34
0 3 0 0 -3 -1 -1 0 0 -2 -2 -1 3 0 2 3 3 3 2 -3 3 3 6 9 8 9 9 13 14 16 17 16 17 18 18 16 16 17 16 15 18 18 14 11 11 9 12 15 19 17 12 11 11 8 1 3 6 -1 -1 -9 -13 -9 -16 -15 -16 -15 -20 -23 -19 -20 -16 -11 -17 -20 -22 -16 -24 -19 -20 -23 -23 -29 -25 -30 -29 -32 -34
0 1 1 -1 -3 -3 -1 -1 -1 -2 -1 4 3 -1 0 3 1 -1 -3 3 7 5 4 4 5 7 8 13 14 16 16 17 16 18 16 20 18 16 15 15 17 17 14 11 11 10 14 16 15 13 12 10 6 2 1 5 1 -1 -4 -12 -14 -16 -16 -14 -12 -21 -19 -20 -16 -17 -20 -17 -17 -20 -14 -23 -21 -23 -26 -27 -28 -24 -29 -28 -31 -34 -32
-1 0 0 -2 -3 -3 -3 -1 -1 -2 -2 1 0 -1 -2 -1 -2 -4 5 7 8 7 8 6 6 10 10 12 15 17 15 18 16 19 17 18 19 17 17 17 18 17 13 11 11 11 13 13 11 11 9 4 0 -1 2 7 0 -1 -9 -13 -15 -16 -12 -12 -21 -19 -20 -16 -16 -19 -22 -22 -19 -18 -23 -24 -28 -23 -24 -28 -25 -26 -30 -31 -35 -35 -33
-4 -1 0 -2 -2 -3 -2 -1 -1 -4 -2 -1 -1 -2 -1 -1 -2 2 2 5 5 5 7 6 7 9 10 11 13 15 17 16 15 16 18 19 15 16 15 16 18 17 11 9 11 11 13 14 9 6 3 -1 -2 -1 -1 -1 0 -4 -12 -14 -12 -13 -16 -20 -19 -18 -15 -16 -21 -19 -22 -20 -21 -23 -24 -27 -22 -20 -22 -28 -27 -33 -31 -35 -34 -30 -29
-3 -4 -6 -1 -3 -4 -4 -3 -3 -6 -3 -3 -3 -2 -2 -1 0 4 4 3 4 7 6 7 5 8 11 11 12 14 15 14 16 19 18 18 14 16 11 13 15 12 10 10 8 14 17 15 11 9 0 -2 -2 -1 -1 -1 -1 -9 -13 -11 -15 -16 -18 -20 -17 -18 -19 -21 -20 -22 -22 -21 -21 -23 -25 -21 -19 -19 -21 -27 -30 -31 -34 -35 -28 -29 -37
-1 -1 0 -5 -3 -2 -3 -9 -4 -3 -2 0 -1 -1 0 0 1 3 4 5 6 6 0 4 6 8 11 12 13 14 14 13 15 17 17 18 18 15 7 8 11 8 7 7 9 15 15 11 11 3 -1 -2 -1 -1 -1 0 -4 -11 -11 -16 -16 -17 -20 -15 -20 -18 -21 -20 -18 -20 -23 -24 -22 -21 -20 -18 -19 -20 -23 -24 -30 -35 -35 -33 -28 -34 -40
0 0 0 -1 -1 -1 -9 -5 -1 1 -2 2 -1 -1 -1 3 2 4 2 5 5 3 2 0 6 10 10 10 11 13 12 14 12 13 13 18 16 9 8 9 6 5 6 10 13 16 17 10 7 1 -2 -2 -1 -1 0 0 -8 -12 -15 -18 -16 -19 -15 -18 -20 -19 -21 -19 -18 -20 -23 -24 -20 -22 -16 -17 -18 -24 -27 -30 -35 -34 -33 -29 -34 -40 -35
0 0 0 -1 -1 -2 -11 -5 -1 -1 -1 -2 -1 -1 0 0 2 3 -1 2 -1 -1 2 5 5 8 11 10 14 12 12 9 13 14 10 13 14 14 9 5 6 7 9 9 11 14 12 9 5 -1 -2 -2 -1 0 0 -3 -10 -13 -16 -16 -18 -13 -17 -21 -18 -18 -19 -19 -22 -22 -24 -22 -19 -17 -19 -19 -28 -31 -31 -30 -33 -32 -30 -30 -35 -37 -32
0 -1 -1 0 -2 -3 -12 -3 0 0 0 0 -1 -1 -1 -1 0 0 0 0 0 7 6 8 7 8 9 12 13 8 8 9 13 14 13 12 15 12 10 7 8 11 12 12 15 16 14 5 -1 -2 -2 -2 -1 -1 0 -6 -11 -15 -17 -16 -17 -16 -20 -18 -16 -20 -19 -20 -21 -21 -25 -18 -23 -18 -21 -28 -31 -30 -28 -29 -31 -32 -27 -29 -37 -31 -30
-1 -1 -2 -1 -1 -3 -12 -4 0 0 -1 -2 -1 -1 -2 -2 -1 -1 0 0 2 1 3 7 7 9 10 11 14 8 8 7 10 13 10 13 14 8 9 12 13 13 11 15 16 18 11 2 -2 -2 -2 -2 -2 -1 0 -8 -13 -15 -16 -14 -12 -19 -18 -17 -17 -19 -18 -21 -21 -23 -23 -25 -15 -23 -27 -30 -31 -26 -28 -27 -28 -29 -26 -34 -34 -29 -31
-1 -1 -1 0 0 -3 -12 -6 -1 -1 -2 -1 -2 -3 -3 0 -1 -1 4 3 7 6 6 9 9 8 10 10 10 10 8 7 7 6 7 7 10 10 12 11 13 11 12 14 12 11 5 0 -2 -2 -2 -2 -2 -1 -3 -11 -14 -16 -13 -11 -18 -17 -17 -14 -17 -17 -18 -21 -22 -24 -22 -22 -19 -25 -30 -31 -28 -28 -27 -23 -23 -24 -30 -34 -30 -29 -34
-3 -1 -1 0 -1 -2 -11 -9 -4 -2 -1 -3 -4 -1 0 -1 1 3 1 0 4 4 8 8 9 9 7 10 9 8 10 7 7 5 6 6 7 7 11 13 10 11 14 14 7 -1 0 0 -2 -1 -1 0 0 1 -8 -13 -14 -14 -12 -15 -14 -19 -13 -15 -16 -14 -20 -20 -23 -22 -23 -17 -22 -31 -30 -31 -29 -25 -22 -20 -21 -29 -35 -31 -30 -32 -41
-2 -3 -1 0 -1 -1 -6 -16 -5 -2 -2 -4 -3 -1 -1 -2 0 0 -1 0 0 5 5 7 6 6 8 9 5 5 7 4 6 6 6 5 11 11 12 12 14 12 8 4 -1 -1 -1 -1 -2 -1 -1 -1 0 -5 -12 -13 -13 -12 -13 -11 -14 -17 -17 -14 -10 -19 -19 -20 -23 -24 -20 -19 -29 -29 -28 -31 -26 -19 -18 -17 -29 -34 -30 -27 -31 -37 -39
-5 -4 -4 -2 -1 -2 -4 -12 -6 -5 -3 -6 -2 0 -1 -1 -1 -1 -1 2 5 8 7 7 10 7 6 8 0 6 4 5 9 9 9 10 11 13 12 11 12 6 5 0 -1 -1 -1 -1 -2 -1 0 0 -2 -10 -12 -13 -13 -13 -10 -10 -17 -17 -13 -9 -19 -18 -19 -20 -23 -25 -21 -26 -29 -28 -26 -28 -19 -18 -24 -32 -32 -28 -27 -29 -34 -39 -34
-5 -5 -4 -3 -6 -5 -2 -7 -12 -5 -5 -7 -5 -5 -4 -2 -2 -1 2 7 6 7 5 6 6 4 -1 5 5 8 8 8 9 12 11 11 13 12 13 11 12 7 6 1 -1 -1 -2 -2 -1 -1 0 0 -7 -11 -12 -14 -12 -14 -17 -16 -15 -13 -18 -17 -16 -18 -19 -23 -24 -23 -26 -29 -29 -28 -27 -26 -25 -28 -34 -34 -28 -25 -27 -31 -35 -34 -32
-5 -5 -3 0 0 -1 -3 -3 -5 -15 -16 -5 -3 0 0 -1 0 10 5 5 5 4 4 5 7 2 -2 9 7 6 8 10 10 11 10 11 10 8 11 14 16 12 3 -1 -1 -1 -2 -2 -1 -1 -1 -4 -10 -13 -14 -13 -17 -17 -12 -13 -14 -16 -17 -13 -13 -19 -18 -21 -24 -25 -26 -28 -27 -25 -26 -24 -27 -31 -35 -27 -23 -27 -31 -31 -30 -32 -34
-5 -4 -2 0 -1 0 0 -2 -4 -4 -10 -5 -2 -1 3 4 2 8 5 3 4 4 3 4 5 6 -2 -1 3 7 6 7 8 9 10 8 13 8 8 9 11 7 0 -1 -2 -1 -1 -2 -1 0 -2 -8 -12 -13 -12 -16 -16 -10 -14 -16 -13 -15 -14 -17 -19 -16 -17 -21 -23 -24 -27 -28 -28 -28 -24 -26 -30 -32 -31 -26 -29 -35 -34 -31 -29 -31 -33
-6 -5 -1 0 -1 0 0 -1 -2 -3 -5 -4 -1 0 1 6 5 6 5 4 1 3 2 0 5 5 5 1 0 4 4 5 8 9 10 12 15 13 11 11 11 -1 -1 -2 -2 -1 -1 -1 -1 -1 -7 -11 -12 -13 -16 -18 -16 -15 -14 -12 -13 -15 -21 -13 -15 -15 -20 -22 -23 -26 -29 -30 -30 -24 -25 -30 -30 -27 -29 -31 -34 -34 -33 -28 -31 -31 -32
-6 -4 -1 0 -1 -1 -1 -1 -2 -8 -9 -2 -1 0 3 5 0 4 1 2 0 0 0 -1 2 2 4 -3 1 4 5 7 10 10 13 12 14 14 16 2 -1 -1 -2 0 -1 -1 -1 -1 0 -6 -9 -10 -13 -15 -17 -16 -13 -10 -9 -11 -15 -19 -17 -14 -15 -22 -23 -26 -23 -30 -29 -29 -25 -24 -25 -30 -27 -28 -31 -33 -35 -33 -31 -32 -30 -32 -36
-5 -4 -2 0 0 0 -1 -3 -10 -18 -8 -2 0 0 2 5 0 -1 -1 -2 -1 -1 -1 -1 -2 -1 -2 -2 3 8 6 8 11 11 14 16 12 10 15 -1 -1 -1 -2 -2 -1 0 -1 0 -5 -6 -11 -13 -15 -15 -15 -15 -9 -7 -14 -17 -20 -15 -19 -20 -20 -22 -25 -24 -28 -30 -27 -25 -24 -23 -26 -28 -28 -31 -35 -33 -31 -32 -35 -32 -32 -36 -37
-5 -4 -3 0 -1 0 -3 -5 -18 -14 -5 -2 0 0 -1 1 -1 -1 -2 -2 -2 -2 -2 -1 -1 -1 -1 -1 6 12 10 9 13 15 17 13 8 8 4 0 -1 -1 -1 -1 0 0 -2 -3 -8 -10 -13 -14 -15 -16 -17 -15 -13 -14 -18 -20 -18 -21 -22 -24 -24 -24 -27 -27 -27 -29 -24 -26 -23 -26 -28 -29 -32 -35 -31 -28 -31 -34 -34 -34 -35 -36 -34
-6 -4 -2 0 -1 -1 -4 -12 -16 -8 -4 -1 1 0 -1 -1 -1 -2 -3 -3 -2 -2 -1 -1 -1 2 -1 4 3 5 6 11 13 17 17 12 17 9 0 -4 0 -1 -1 2 0 -1 -2 -7 -10 -11 -14 -14 -15 -18 -14 -16 -16 -16 -17 -20 -20 -23 -25 -23 -23 -28 -27 -24 -25 -24 -22 -24 -24 -27 -29 -32 -32 -30 -27 -28 -30 -31 -33 -38 -39 -39 -39
-7 -4 -3 0 -1 -2 -3 -12 -15 -5 -3 -1 0 -1 -2 -2 -2 -3 -3 -3 -2 -1 -1 -1 1 4 6 7 6 8 9 13 14 17 14 14 12 3 -3 -2 -2 -3 0 0 -3 1 -5 -10 -10 -14 -14 -14 -17 -15 -16 -18 -18 -14 -19 -17 -20 -25 -19 -22 -28 -26 -17 -22 -24 -25 -25 -26 -27 -29 -31 -32 -29 -28 -27 -31 -30 -33 -37 -40 -41 -41 -42
-7 -5 -4 -1 0 -2 -2 -5 -22 -5 -3 0 -1 -1 -1 -3 -2 -5 -4 -1 -1 0 -1 -1 -1 0 4 5 11 12 10 15 16 15 13 12 2 -1 -2 -1 -2 0 -2 2 0 -1 -8 -11 -13 -13 -15 -17 -17 -15 -18 -20 -20 -20 -17 -20 -24 -16 -21 -25 -24 -22 -25 -23 -24 -26 -29 -32 -30 -31 -30 -30 -29 -31 -32 -32 -32 -34 -40 -41 -41 -42 -43
