GS/mabsab_all.asc
ncols        725
nrows        803
xllcorner    -81.891666666667
yllcorner    28.408333333333
cellsize     0.016666666667
NODATA_VALUE -32768
[rows 390 to 428 of 803, columns 174 to 260 of 725]
88 75 79 75 69 55 60 75 62 59 59 52 44 42 39 36 34 33 38 52 50 53 58 58 51 56 60 65 65 60 56 56 57 51 50 54 51 51 57 59 57 57 57 52 48 47 46 42 41 41 37 34 34 33 40 45 48 53 54 51 48 43 23 19 18 17 16 20 28 30 29 25 30 31 29 28 29 23 26 27 29 33 28 28 22 21 20
81 83 72 64 58 58 48 48 44 42 39 39 38 38 38 35 33 32 40 50 47 51 54 50 54 60 61 62 64 63 62 61 59 56 56 60 56 57 56 56 57 59 55 52 50 52 51 51 44 40 42 40 37 34 40 45 51 55 55 53 51 47 38 25 19 16 15 16 18 21 19 18 18 18 21 16 18 16 14 15 13 13 12 13 16 17 22
70 86 82 74 58 52 45 43 47 48 49 43 40 38 37 37 36 36 44 48 44 47 45 46 54 57 62 63 65 65 62 62 60 59 58 59 57 58 54 55 57 56 57 55 54 53 51 53 51 46 44 40 35 40 37 40 45 49 57 56 50 41 40 46 31 26 20 18 17 17 17 17 17 16 16 15 13 14 14 12 11 9 10 10 11 10 12
62 80 66 60 53 45 44 57 61 65 51 42 37 37 36 35 33 33 42 46 42 43 41 46 50 55 61 66 68 64 63 60 61 59 58 56 51 53 53 54 54 55 56 56 55 51 49 47 45 43 41 39 42 46 46 44 45 47 52 52 51 50 50 52 50 45 38 24 18 14 14 15 13 14 14 14 13 12 10 12 12 15 13 13 14 12 14
62 62 55 48 54 57 60 71 70 69 58 43 36 37 37 35 34 38 46 48 42 39 45 50 55 56 59 63 65 62 60 58 59 58 58 59 56 46 51 55 55 56 55 54 52 51 52 50 50 48 46 43 42 48 48 47 48 48 48 47 47 51 50 52 50 47 47 43 39 31 25 18 16 15 15 15 14 16 18 22 24 23 24 21 17 19 18
54 49 57 62 71 74 68 66 68 58 45 38 35 34 33 32 33 45 46 48 43 40 47 48 54 55 58 61 63 61 58 59 59 56 55 55 54 45 53 53 53 54 54 52 50 48 47 45 46 45 48 49 47 45 45 48 46 43 43 42 43 47 50 48 46 44 44 43 45 44 37 37 27 29 29 29 26 27 25 26 26 25 21 21 22 20 22
57 66 74 72 83 69 54 51 54 38 38 34 34 30 30 32 41 49 51 50 45 39 44 46 52 57 57 60 62 62 60 55 58 59 57 55 52 44 48 50 51 52 54 53 55 50 50 47 44 40 42 45 48 48 47 47 44 45 45 40 37 42 42 40 43 41 38 39 45 46 45 43 37 37 40 39 35 35 31 25 24 26 29 26 22 26 25
76 86 85 82 81 68 56 40 38 30 29 31 32 32 35 44 45 50 53 44 43 39 47 47 58 57 54 57 59 58 58 57 55 58 54 55 51 43 51 51 53 56 54 54 54 52 48 46 45 46 43 38 45 48 46 48 47 45 46 43 39 36 37 38 36 38 40 37 42 42 47 48 44 41 37 36 36 32 28 24 29 37 36 30 25 24 21
88 91 79 68 79 71 57 41 32 30 29 31 32 31 36 43 46 51 52 45 43 40 47 49 57 58 51 53 57 52 54 53 56 56 54 50 40 51 56 54 54 53 55 49 48 50 53 49 49 48 45 39 42 45 44 45 45 45 51 50 49 46 40 46 41 34 36 34 37 39 44 40 42 43 38 37 32 27 26 27 35 40 34 31 26 22 24
76 77 77 64 68 69 68 50 28 30 30 30 30 34 41 43 46 50 48 42 41 41 46 48 55 59 54 51 52 49 54 55 56 56 53 44 40 50 54 56 54 48 51 49 44 47 49 52 51 45 44 41 34 39 38 36 40 45 49 48 48 47 43 42 45 42 36 29 37 38 36 38 41 45 47 41 36 32 33 28 33 37 32 26 25 27 22
75 73 67 66 61 67 64 50 29 30 31 30 34 40 42 43 47 48 45 43 36 41 44 47 53 55 52 49 45 51 55 56 56 53 51 45 38 49 53 51 53 49 46 44 42 51 48 50 51 46 45 46 44 40 36 31 39 46 46 44 45 49 47 44 45 42 40 35 29 30 39 42 41 44 49 44 39 36 34 32 31 32 31 28 24 23 27
75 73 71 61 57 53 60 47 28 29 30 31 40 39 43 43 44 46 45 41 37 42 42 46 52 54 53 46 49 54 56 56 55 55 51 47 37 46 48 48 54 54 51 50 41 47 49 48 50 52 48 47 46 45 40 32 31 37 39 40 45 47 42 40 43 46 42 41 37 25 35 40 39 43 48 47 40 36 33 28 28 25 26 27 25 21 24
72 67 72 65 54 57 48 31 29 30 30 33 39 42 44 42 42 44 42 36 43 46 45 44 51 54 56 45 51 53 54 55 53 56 53 51 44 35 43 50 53 49 47 47 44 41 46 44 49 49 50 47 46 38 40 45 42 36 30 31 39 44 44 37 34 40 44 40 36 24 40 41 40 41 47 46 43 43 39 35 29 28 22 22 21 20 25
61 69 70 67 63 50 36 29 26 29 31 35 42 45 44 41 41 43 44 37 42 47 45 43 47 52 53 44 46 49 52 54 52 54 50 49 45 33 47 52 51 50 46 43 44 38 43 45 49 47 49 46 43 41 46 47 45 45 44 35 27 30 36 32 31 35 36 38 36 23 32 32 38 40 45 41 35 39 37 36 35 32 30 22 19 19 25
59 64 66 64 56 51 32 26 26 28 28 35 42 41 44 42 41 40 41 37 40 46 48 45 43 45 50 40 49 50 52 52 50 53 50 45 44 32 47 50 47 43 47 44 40 34 44 45 43 47 49 47 49 44 45 48 47 40 45 39 34 27 28 23 23 23 24 26 27 22 27 35 39 41 44 40 33 30 37 40 34 31 25 23 20 18 21
59 58 60 62 53 48 36 26 27 28 28 36 41 44 42 42 40 39 38 37 35 44 45 44 43 41 43 40 50 51 49 50 47 51 50 48 38 36 47 49 46 47 44 42 44 34 39 40 42 45 47 48 45 46 48 45 43 39 35 36 34 38 35 35 34 31 30 23 19 22 25 29 33 37 42 43 38 30 30 36 30 26 22 20 17 18 18
57 54 55 57 61 60 43 27 26 28 30 34 39 41 41 41 41 40 39 40 35 46 43 42 41 37 39 42 49 48 46 49 45 51 47 43 33 39 45 42 45 46 45 43 39 33 42 46 44 42 42 43 45 46 47 44 42 41 40 38 40 38 37 40 42 39 39 32 19 21 31 35 36 40 38 36 33 32 27 31 25 22 19 20 21 19 15
48 50 51 59 64 58 50 33 26 27 31 36 43 42 44 40 39 39 38 37 34 42 43 41 38 35 40 35 42 42 49 49 43 49 49 48 30 38 43 44 47 48 47 46 42 30 36 37 40 42 45 47 47 47 47 45 39 40 39 41 43 40 40 41 36 30 24 20 18 24 36 39 36 34 33 32 30 29 27 26 25 23 24 23 25 23 17
50 48 41 57 59 53 51 45 26 27 26 28 38 42 40 42 40 39 38 37 34 32 41 44 40 35 40 40 33 40 47 49 40 46 49 44 28 41 47 48 47 46 45 45 41 29 38 40 43 45 43 44 44 44 42 42 43 39 36 35 39 34 32 31 27 24 18 19 31 34 34 30 33 30 32 28 28 31 32 26 27 24 26 26 25 25 24
47 44 37 36 38 43 43 47 32 24 23 23 21 37 38 40 42 42 37 35 34 32 31 38 38 31 37 40 38 32 41 46 42 43 47 41 26 40 47 49 47 44 42 40 36 30 37 45 45 44 42 37 38 41 37 42 44 41 36 34 30 32 28 24 28 21 19 17 26 28 27 22 21 24 30 30 24 27 34 30 25 21 25 25 25 23 23
50 48 49 47 41 34 31 29 28 26 26 24 21 32 38 37 37 39 36 37 36 36 34 29 33 37 32 40 40 37 30 33 36 44 47 39 26 45 47 49 48 43 46 48 45 34 30 40 44 39 37 35 33 36 39 43 38 43 39 41 40 38 35 39 35 22 16 16 21 27 26 17 18 18 21 24 23 30 36 34 28 20 18 25 25 22 21
57 55 54 54 51 48 44 40 35 25 25 22 25 31 36 39 36 35 34 37 37 35 34 35 28 30 32 35 35 38 35 28 37 43 43 33 30 47 50 49 45 46 42 45 43 38 26 39 45 41 36 33 43 43 45 43 34 38 45 42 42 39 36 30 30 24 17 14 19 23 18 17 24 26 25 23 22 25 30 31 31 22 17 21 20 17 18
55 54 53 51 51 51 44 42 42 27 23 23 27 29 34 37 37 35 37 37 36 34 32 34 35 28 29 25 39 41 39 33 28 43 45 34 27 41 44 45 40 47 45 36 40 39 27 31 41 41 34 36 38 39 40 42 37 31 37 36 35 37 31 29 25 26 21 13 14 15 17 23 26 23 22 24 26 24 26 30 32 26 16 15 20 18 14
54 53 51 51 51 52 50 50 48 35 22 23 28 26 31 34 34 35 35 35 35 36 34 33 35 33 27 25 35 44 43 37 25 34 42 39 26 29 36 45 43 41 37 35 41 40 25 30 31 30 29 36 38 38 37 38 41 34 32 31 29 31 27 24 23 22 19 17 14 14 21 24 25 21 20 23 26 28 27 31 30 29 25 15 15 13 14
53 52 50 49 48 51 49 47 47 38 21 25 28 28 30 35 35 33 34 33 36 36 35 33 32 31 31 28 25 36 40 40 34 26 36 42 40 22 33 43 40 33 29 40 38 29 21 29 39 42 41 41 42 45 41 43 39 32 27 28 28 23 28 26 21 16 15 16 15 12 17 25 22 17 16 18 22 23 27 28 28 31 30 24 14 9 6
49 50 50 48 48 49 47 44 40 35 21 24 28 28 25 31 31 34 34 33 33 34 35 34 33 33 33 32 27 27 40 42 38 29 28 37 37 24 31 38 43 40 30 34 31 21 30 34 36 42 40 37 34 42 46 41 33 27 25 24 23 22 21 20 19 23 25 14 14 13 17 22 21 14 17 20 20 21 24 28 25 27 30 29 21 12 10
52 49 47 50 46 48 46 45 40 34 19 23 26 27 22 31 34 35 34 34 32 32 33 35 34 33 31 30 30 23 28 39 41 35 29 24 28 22 30 39 41 34 26 19 19 27 40 43 44 41 41 35 35 36 41 38 31 26 26 28 29 28 28 28 29 29 23 15 11 10 13 15 13 15 17 20 24 26 26 26 25 23 26 30 30 22 13
53 52 48 47 47 44 46 46 44 41 20 22 27 27 22 31 32 30 33 33 32 31 31 35 34 32 31 30 30 28 22 26 38 37 36 32 20 18 29 31 27 17 19 25 34 34 36 42 44 38 37 34 30 34 31 28 29 29 28 24 25 27 27 25 22 21 19 14 13 10 11 13 16 20 19 25 27 27 25 22 23 24 26 26 26 25 22
52 50 48 43 44 42 45 45 42 40 21 20 23 26 24 25 34 30 32 33 31 33 30 32 32 31 29 30 31 31 28 22 24 36 37 30 22 19 25 24 17 25 31 38 39 39 37 41 40 35 31 30 27 29 24 28 27 25 23 22 19 20 20 17 11 12 13 14 14 10 11 16 19 19 20 25 25 24 22 19 23 25 24 26 23 26 28
49 48 47 46 45 42 40 45 44 42 29 18 21 27 28 24 28 33 30 33 31 32 29 29 29 31 30 29 31 31 29 27 20 22 37 36 29 21 16 15 15 27 38 40 40 39 39 40 40 37 37 30 23 25 23 25 23 21 23 24 20 18 17 12 9 10 9 10 10 11 15 16 15 20 27 28 25 23 19 23 28 25 25 26 22 18 23
48 46 45 43 43 42 40 41 43 41 39 17 20 23 26 24 24 24 27 27 29 30 31 30 26 30 33 32 31 29 27 27 24 19 22 36 35 30 28 20 14 16 36 34 35 33 37 36 38 34 31 25 21 24 22 20 19 22 26 24 24 24 20 15 8 7 7 8 10 18 21 20 14 18 21 22 24 18 23 25 26 24 25 26 25 21 16
50 48 48 47 47 45 43 38 42 40 41 23 19 21 25 22 23 23 24 30 29 28 30 28 26 30 29 30 33 31 29 28 27 25 20 24 35 32 31 26 17 15 26 27 29 33 36 34 29 29 27 24 24 19 20 21 18 22 23 23 21 20 20 14 9 6 11 13 12 16 20 21 17 17 16 19 21 18 21 21 23 25 24 28 24 20 15
49 48 46 46 44 42 42 38 40 41 39 36 18 22 22 24 21 24 23 25 28 28 28 27 25 29 30 28 29 29 31 30 28 27 23 17 23 31 33 34 24 16 17 28 37 41 34 28 27 24 25 23 21 23 19 17 16 20 20 20 17 16 14 10 7 9 12 11 10 10 13 19 24 25 25 18 18 25 26 23 23 25 25 26 21 17 15
46 45 45 43 42 38 37 38 36 41 39 38 35 28 17 19 20 23 23 24 22 25 27 24 27 26 29 30 29 27 27 28 29 27 27 22 19 31 32 32 31 26 16 22 32 28 28 25 22 20 19 20 19 18 17 16 14 14 14 15 14 12 10 10 8 9 9 9 10 9 10 11 14 19 25 24 24 25 25 25 25 26 24 21 14 11 13
43 43 43 42 38 41 42 45 35 38 41 37 39 43 35 21 17 19 21 20 25 23 24 24 28 28 25 25 26 26 28 26 28 28 29 26 19 20 29 29 28 27 23 14 17 24 27 24 22 22 22 20 20 23 19 19 20 16 13 8 8 9 9 6 6 8 8 9 9 9 9 10 9 13 16 19 21 26 21 20 22 26 22 18 17 15 17
44 41 41 40 41 44 44 45 40 35 35 36 40 41 43 49 41 21 18 18 23 24 27 25 22 25 26 25 24 21 25 25 24 27 30 29 24 14 18 28 28 30 26 21 12 19 29 25 24 22 20 22 24 24 22 21 21 18 13 13 12 16 14 7 8 8 7 7 8 8 8 9 10 10 10 12 14 19 15 20 23 25 23 21 21 18 15
43 41 41 44 46 47 46 44 41 40 33 37 38 41 46 47 46 44 27 19 17 23 25 24 23 19 20 25 23 21 21 21 23 26 25 25 29 22 15 18 26 28 25 23 15 13 22 27 27 25 24 24 23 23 21 21 19 15 17 16 14 15 14 9 9 7 7 7 8 8 8 9 10 9 9 7 11 14 12 17 21 22 23 19 17 16 17
43 44 44 46 47 48 46 46 47 38 33 38 39 42 44 43 39 37 35 21 15 18 20 23 22 18 19 20 21 24 23 19 22 26 23 22 26 26 21 12 18 24 27 20 12 13 25 25 27 28 26 23 23 23 22 19 17 18 20 18 19 17 14 12 7 7 7 7 9 9 9 9 7 7 8 6 6 10 10 12 16 22 20 16 15 17 18
43 44 47 46 45 48 47 44 40 33 34 37 41 38 39 43 45 40 37 38 32 20 14 17 21 17 18 20 21 20 25 21 21 27 23 24 22 21 21 14 15 25 25 22 10 18 29 28 29 30 26 23 20 21 23 21 18 18 21 20 19 18 15 14 10 6 4 5 8 7 8 7 8 7 6 4 6 7 9 11 15 17 15 14 17 18 17
