GS/mabsab_all.asc
ncols        725
nrows        803
xllcorner    -81.891666666667
yllcorner    28.408333333333
cellsize     0.016666666667
NODATA_VALUE -32768
[rows 741 to 779 of 803, columns 174 to 260 of 725]
-803 -804 -805 -806 -807 -809 -810 -811 -813 -814 -816 -817 -819 -820 -822 -823 -825 -826 -828 -829 -831 -833 -834 -836 -837 -839 -841 -842 -844 -845 -847 -849 -850 -852 -853 -855 -856 -858 -859 -861 -862 -864 -865 -867 -868 -869 -871 -872 -874 -875 -876 -878 -879 -881 -882 -884 -885 -887 -888 -890 -869 -859 -857 -857 -857 -857 -858 -859 -860 -860 -860 -860 -860 -865 -867 -865 -862 -863 -867 -873 -879 -884 -887 -888 -888 -887 -887
-803 -804 -805 -807 -808 -809 -811 -812 -813 -815 -816 -818 -819 -821 -823 -824 -826 -827 -829 -830 -832 -834 -835 -837 -839 -840 -842 -843 -845 -847 -848 -850 -851 -853 -854 -856 -858 -859 -861 -862 -863 -865 -866 -868 -869 -870 -872 -873 -875 -876 -877 -879 -880 -882 -883 -884 -886 -887 -889 -890 -872 -863 -860 -860 -860 -861 -861 -862 -863 -863 -862 -861 -861 -866 -869 -864 -858 -861 -866 -874 -881 -885 -888 -888 -886 -883 -881
-803 -805 -806 -807 -808 -810 -811 -813 -814 -816 -817 -819 -820 -822 -823 -825 -827 -828 -830 -832 -833 -835 -836 -838 -840 -841 -843 -845 -846 -848 -849 -851 -853 -854 -856 -857 -859 -860 -862 -863 -865 -866 -867 -869 -870 -872 -873 -874 -876 -877 -878 -880 -881 -882 -884 -885 -887 -888 -890 -891 -876 -865 -861 -861 -863 -865 -865 -866 -866 -865 -865 -865 -867 -869 -870 -867 -864 -865 -870 -877 -883 -887 -889 -889 -887 -886 -886
-804 -805 -806 -808 -809 -810 -812 -813 -815 -816 -818 -820 -821 -823 -824 -826 -828 -829 -831 -833 -834 -836 -838 -839 -841 -843 -844 -846 -848 -849 -851 -852 -854 -856 -857 -859 -860 -862 -863 -864 -866 -867 -869 -870 -871 -873 -874 -875 -877 -878 -879 -881 -882 -883 -885 -886 -887 -889 -890 -892 -873 -864 -861 -863 -866 -868 -869 -869 -869 -869 -869 -871 -873 -874 -874 -872 -871 -873 -877 -881 -886 -888 -890 -891 -892 -893 -896
-804 -805 -807 -808 -809 -811 -813 -814 -816 -817 -819 -820 -822 -824 -825 -827 -829 -830 -832 -834 -835 -837 -839 -841 -842 -844 -846 -847 -849 -850 -852 -854 -855 -857 -858 -860 -861 -863 -864 -866 -867 -869 -870 -871 -873 -874 -875 -876 -878 -879 -880 -882 -883 -884 -885 -887 -888 -889 -891 -892 -874 -864 -863 -865 -868 -870 -871 -872 -873 -874 -876 -878 -879 -879 -879 -879 -879 -880 -883 -886 -889 -891 -892 -895 -898 -901 -906
-804 -805 -807 -808 -810 -812 -813 -815 -816 -818 -820 -821 -823 -825 -826 -828 -830 -831 -833 -835 -837 -838 -840 -842 -843 -845 -847 -849 -850 -852 -853 -855 -857 -858 -860 -861 -863 -864 -866 -867 -869 -870 -871 -873 -874 -875 -876 -878 -879 -880 -881 -883 -884 -885 -886 -888 -889 -890 -892 -893 -867 -863 -866 -866 -867 -868 -871 -872 -875 -878 -882 -883 -884 -884 -884 -884 -885 -885 -887 -889 -892 -894 -896 -900 -904 -909 -915
-804 -806 -807 -809 -810 -812 -814 -815 -817 -819 -820 -822 -824 -826 -827 -829 -831 -832 -834 -836 -838 -839 -841 -843 -845 -846 -848 -850 -852 -853 -855 -856 -858 -860 -861 -863 -864 -866 -867 -869 -870 -871 -873 -874 -875 -876 -878 -879 -880 -881 -882 -883 -885 -886 -887 -888 -890 -891 -892 -894 -874 -866 -865 -864 -861 -862 -865 -869 -874 -879 -884 -886 -886 -886 -886 -886 -887 -888 -890 -893 -896 -899 -902 -906 -910 -914 -920
-804 -806 -807 -809 -811 -813 -814 -816 -818 -819 -821 -823 -825 -826 -828 -830 -832 -834 -835 -837 -839 -841 -842 -844 -846 -848 -849 -851 -853 -855 -856 -858 -859 -861 -863 -864 -866 -867 -869 -870 -871 -873 -874 -875 -876 -878 -879 -880 -881 -882 -883 -884 -886 -887 -888 -889 -890 -892 -893 -894 -872 -868 -868 -864 -858 -860 -861 -868 -874 -880 -884 -887 -888 -888 -887 -888 -889 -891 -893 -896 -900 -904 -908 -911 -915 -919 -923
-804 -806 -808 -810 -811 -813 -815 -817 -818 -820 -822 -824 -826 -827 -829 -831 -833 -835 -836 -838 -840 -842 -844 -845 -847 -849 -851 -853 -854 -856 -858 -859 -861 -863 -864 -866 -867 -869 -870 -871 -873 -874 -875 -877 -878 -879 -880 -881 -882 -883 -884 -885 -887 -888 -889 -890 -891 -892 -893 -895 -879 -872 -870 -869 -868 -868 -870 -873 -877 -882 -886 -888 -890 -890 -890 -891 -892 -894 -896 -899 -903 -908 -912 -916 -919 -924 -929
-804 -806 -808 -810 -812 -814 -815 -817 -819 -821 -823 -825 -826 -828 -830 -832 -834 -836 -838 -839 -841 -843 -845 -847 -849 -850 -852 -854 -856 -857 -859 -861 -862 -864 -866 -867 -869 -870 -872 -873 -874 -876 -877 -878 -879 -880 -881 -882 -883 -884 -886 -887 -888 -889 -890 -891 -892 -893 -894 -895 -880 -876 -876 -877 -880 -879 -881 -881 -883 -885 -888 -891 -893 -893 -893 -895 -897 -899 -901 -903 -906 -912 -917 -919 -922 -928 -934
-805 -807 -809 -810 -812 -814 -816 -818 -820 -822 -824 -825 -827 -829 -831 -833 -835 -837 -839 -841 -842 -844 -846 -848 -850 -852 -854 -855 -857 -859 -861 -862 -864 -866 -867 -869 -870 -872 -873 -874 -876 -877 -878 -879 -881 -882 -883 -884 -885 -886 -887 -888 -889 -890 -890 -891 -893 -894 -895 -896 -887 -882 -882 -884 -886 -887 -887 -889 -890 -891 -892 -894 -896 -898 -899 -902 -905 -907 -908 -910 -913 -917 -920 -923 -927 -931 -935
-805 -807 -809 -811 -813 -815 -817 -819 -821 -822 -824 -826 -828 -830 -832 -834 -836 -838 -840 -842 -844 -846 -847 -849 -851 -853 -855 -857 -859 -860 -862 -864 -866 -867 -869 -870 -872 -873 -875 -876 -877 -879 -880 -881 -882 -883 -884 -885 -886 -887 -888 -889 -890 -890 -891 -892 -893 -894 -895 -896 -889 -888 -889 -890 -890 -891 -892 -895 -897 -896 -896 -898 -901 -903 -905 -908 -913 -914 -915 -918 -921 -923 -924 -928 -932 -936 -937
-806 -808 -810 -812 -813 -815 -817 -819 -821 -823 -825 -827 -829 -831 -833 -835 -837 -839 -841 -843 -845 -847 -849 -851 -853 -854 -856 -858 -860 -862 -864 -865 -867 -869 -870 -872 -874 -875 -876 -878 -879 -880 -881 -883 -884 -885 -886 -886 -887 -888 -889 -890 -891 -891 -892 -893 -894 -895 -896 -897 -894 -893 -894 -895 -895 -896 -899 -901 -903 -902 -902 -904 -907 -907 -908 -911 -916 -919 -921 -924 -927 -929 -932 -935 -939 -942 -944
-806 -808 -810 -812 -814 -816 -818 -820 -822 -824 -826 -828 -830 -832 -834 -836 -838 -840 -842 -844 -846 -848 -850 -852 -854 -856 -858 -860 -862 -863 -865 -867 -869 -870 -872 -874 -875 -877 -878 -880 -881 -882 -883 -884 -885 -886 -887 -888 -889 -889 -890 -891 -892 -892 -893 -894 -895 -896 -896 -897 -895 -896 -899 -899 -899 -901 -904 -906 -908 -906 -906 -910 -914 -912 -910 -914 -919 -923 -926 -928 -931 -934 -938 -940 -943 -945 -949
-807 -809 -811 -813 -815 -817 -819 -821 -823 -825 -827 -829 -831 -833 -835 -837 -839 -841 -843 -845 -847 -849 -851 -853 -855 -857 -859 -861 -863 -865 -867 -869 -870 -872 -874 -876 -877 -879 -880 -881 -883 -884 -885 -886 -887 -888 -889 -889 -890 -891 -891 -892 -893 -893 -894 -895 -896 -896 -897 -898 -897 -899 -901 -902 -902 -904 -906 -908 -909 -910 -912 -915 -918 -917 -917 -921 -925 -928 -929 -931 -933 -935 -936 -937 -939 -941 -945
-808 -810 -811 -813 -815 -817 -819 -821 -823 -826 -828 -830 -832 -834 -836 -838 -840 -842 -844 -846 -849 -851 -853 -855 -857 -859 -861 -863 -865 -867 -869 -870 -872 -874 -876 -877 -879 -880 -882 -883 -885 -886 -887 -888 -889 -889 -890 -891 -892 -892 -893 -893 -894 -895 -895 -896 -896 -897 -898 -898 -897 -901 -905 -906 -906 -907 -908 -911 -912 -915 -917 -921 -924 -925 -925 -929 -934 -933 -931 -931 -932 -931 -931 -931 -931 -933 -938
-808 -810 -812 -814 -816 -818 -820 -822 -824 -826 -828 -831 -833 -835 -837 -839 -841 -843 -845 -848 -850 -852 -854 -856 -858 -860 -862 -864 -866 -868 -870 -872 -874 -876 -878 -879 -881 -882 -884 -885 -887 -888 -889 -890 -891 -891 -892 -893 -893 -894 -894 -895 -895 -896 -896 -897 -897 -898 -899 -899 -903 -907 -910 -912 -913 -914 -915 -916 -919 -922 -924 -928 -932 -934 -936 -939 -940 -938 -934 -931 -928 -926 -924 -923 -924 -925 -931
-809 -810 -812 -814 -816 -819 -821 -823 -825 -827 -829 -831 -834 -836 -838 -840 -842 -844 -847 -849 -851 -853 -855 -857 -860 -862 -864 -866 -868 -870 -872 -874 -876 -878 -880 -881 -883 -885 -886 -887 -889 -890 -891 -892 -892 -893 -894 -894 -895 -895 -896 -896 -897 -897 -898 -898 -898 -899 -900 -900 -911 -914 -915 -918 -921 -920 -921 -923 -927 -929 -932 -936 -940 -943 -947 -948 -948 -945 -939 -932 -925 -922 -919 -916 -917 -917 -925
-809 -811 -813 -815 -817 -819 -821 -823 -826 -828 -830 -832 -835 -837 -839 -841 -843 -846 -848 -850 -852 -854 -857 -859 -861 -863 -865 -867 -870 -872 -874 -876 -878 -880 -882 -883 -885 -887 -888 -890 -891 -892 -893 -894 -895 -895 -896 -896 -897 -897 -897 -898 -898 -899 -899 -899 -900 -901 -903 -904 -915 -920 -921 -923 -924 -923 -923 -926 -931 -935 -939 -943 -947 -951 -955 -959 -960 -956 -948 -938 -929 -923 -917 -913 -910 -911 -918
-809 -811 -813 -815 -818 -820 -822 -824 -826 -829 -831 -833 -835 -838 -840 -842 -845 -847 -849 -851 -854 -856 -858 -860 -863 -865 -867 -869 -871 -873 -876 -878 -880 -882 -884 -886 -887 -889 -891 -892 -893 -894 -895 -896 -897 -897 -898 -898 -898 -899 -899 -899 -900 -901 -902 -903 -904 -906 -908 -909 -923 -925 -924 -926 -928 -926 -925 -931 -937 -943 -947 -952 -956 -962 -966 -975 -978 -972 -961 -949 -938 -931 -925 -921 -916 -920 -927
-809 -811 -814 -816 -818 -820 -823 -825 -827 -829 -832 -834 -836 -839 -841 -843 -846 -848 -850 -853 -855 -857 -859 -862 -864 -866 -868 -871 -873 -875 -877 -880 -882 -884 -886 -888 -890 -891 -893 -895 -896 -897 -898 -899 -899 -899 -900 -900 -901 -901 -902 -902 -904 -905 -906 -908 -909 -911 -913 -915 -925 -929 -929 -930 -931 -932 -934 -940 -947 -953 -957 -961 -967 -978 -990 -998 -1000 -992 -978 -965 -954 -948 -946 -948 -952 -958 -969
-809 -812 -814 -816 -819 -821 -823 -825 -828 -830 -833 -835 -837 -840 -842 -844 -847 -849 -851 -854 -856 -858 -861 -863 -865 -868 -870 -872 -875 -877 -879 -882 -884 -886 -888 -890 -892 -894 -896 -897 -899 -900 -900 -901 -902 -902 -903 -903 -904 -905 -906 -907 -908 -910 -911 -913 -915 -917 -919 -921 -931 -933 -933 -936 -938 -941 -945 -952 -959 -963 -967 -970 -978 -996 -1014 -1020 -1021 -1009 -994 -980 -972 -970 -976 -989 -1006 -1024 -1044
-809 -812 -814 -817 -819 -821 -824 -826 -829 -831 -833 -836 -838 -841 -843 -845 -848 -850 -853 -855 -857 -860 -862 -865 -867 -869 -872 -874 -876 -879 -881 -883 -886 -888 -890 -892 -894 -896 -898 -900 -901 -902 -903 -904 -904 -905 -906 -907 -908 -909 -910 -911 -913 -914 -916 -918 -920 -922 -924 -927 -933 -938 -942 -945 -948 -952 -958 -964 -969 -971 -973 -979 -991 -1008 -1025 -1032 -1029 -1018 -1004 -993 -989 -995 -1011 -1037 -1070 -1109 -1157
-810 -812 -815 -817 -819 -822 -824 -827 -829 -832 -834 -837 -839 -842 -844 -847 -849 -851 -854 -856 -859 -861 -864 -866 -868 -871 -873 -876 -878 -881 -883 -885 -888 -890 -893 -895 -897 -899 -901 -902 -903 -904 -905 -906 -907 -908 -909 -910 -912 -913 -914 -916 -917 -919 -921 -923 -925 -928 -930 -932 -939 -946 -952 -956 -959 -964 -969 -974 -978 -978 -979 -987 -999 -1016 -1031 -1035 -1032 -1022 -1011 -1005 -1006 -1019 -1044 -1081 -1131 -1188 -1266
-810 -812 -815 -817 -820 -822 -825 -827 -830 -833 -835 -838 -840 -843 -845 -848 -850 -853 -855 -858 -860 -863 -865 -867 -870 -872 -875 -877 -880 -882 -885 -887 -890 -893 -895 -897 -899 -901 -903 -904 -905 -907 -908 -909 -910 -911 -913 -914 -915 -917 -918 -920 -922 -924 -926 -928 -931 -933 -936 -938 -948 -956 -963 -967 -970 -973 -977 -980 -982 -985 -988 -995 -1005 -1019 -1030 -1034 -1031 -1024 -1017 -1016 -1023 -1041 -1070 -1113 -1169 -1240 -1334
-810 -813 -815 -818 -820 -823 -826 -828 -831 -833 -836 -838 -841 -844 -846 -849 -851 -854 -856 -859 -861 -864 -866 -869 -871 -874 -877 -879 -882 -884 -887 -889 -892 -895 -897 -900 -901 -903 -905 -906 -908 -909 -910 -912 -913 -914 -916 -917 -919 -921 -922 -924 -926 -928 -931 -933 -936 -938 -941 -944 -959 -968 -973 -976 -978 -979 -982 -984 -987 -993 -999 -1004 -1010 -1022 -1031 -1034 -1032 -1028 -1025 -1030 -1041 -1062 -1091 -1134 -1189 -1260 -1353
-811 -813 -816 -818 -821 -824 -826 -829 -832 -834 -837 -839 -842 -845 -847 -850 -852 -855 -858 -860 -863 -865 -868 -870 -873 -875 -878 -881 -883 -886 -889 -891 -894 -897 -900 -902 -903 -905 -906 -908 -910 -911 -913 -914 -916 -917 -919 -921 -922 -924 -926 -928 -930 -933 -935 -938 -941 -944 -947 -950 -967 -977 -981 -982 -982 -981 -983 -988 -996 -1003 -1010 -1015 -1020 -1028 -1035 -1038 -1039 -1037 -1039 -1047 -1061 -1081 -1108 -1144 -1191 -1252 -1330
-811 -813 -816 -819 -821 -824 -827 -830 -832 -835 -838 -840 -843 -846 -848 -851 -854 -856 -859 -861 -864 -867 -869 -872 -874 -877 -880 -882 -885 -888 -890 -893 -896 -899 -901 -903 -905 -907 -908 -910 -912 -914 -915 -917 -919 -920 -922 -924 -926 -928 -930 -932 -935 -937 -940 -943 -946 -949 -952 -955 -978 -985 -986 -985 -983 -982 -984 -994 -1006 -1016 -1023 -1028 -1032 -1037 -1041 -1044 -1047 -1048 -1051 -1061 -1077 -1093 -1116 -1142 -1177 -1219 -1272
-811 -814 -816 -819 -822 -825 -828 -830 -833 -836 -839 -841 -844 -847 -849 -852 -855 -857 -860 -863 -865 -868 -871 -873 -876 -878 -881 -884 -886 -889 -892 -895 -898 -901 -903 -905 -907 -909 -910 -912 -914 -916 -918 -920 -921 -923 -925 -927 -929 -931 -934 -936 -939 -941 -944 -947 -950 -954 -957 -961 -980 -988 -987 -984 -983 -985 -992 -1004 -1017 -1029 -1038 -1043 -1045 -1045 -1046 -1048 -1051 -1054 -1059 -1067 -1077 -1091 -1106 -1124 -1145 -1170 -1200
-811 -814 -817 -820 -823 -825 -828 -831 -834 -837 -840 -842 -845 -848 -851 -853 -856 -859 -861 -864 -867 -869 -872 -875 -877 -880 -883 -885 -888 -891 -894 -896 -899 -902 -904 -906 -908 -910 -912 -914 -916 -918 -920 -922 -924 -926 -928 -930 -933 -935 -937 -940 -943 -945 -948 -951 -955 -958 -962 -966 -988 -990 -985 -983 -983 -990 -1001 -1013 -1027 -1039 -1050 -1055 -1056 -1051 -1047 -1047 -1051 -1055 -1062 -1066 -1071 -1081 -1090 -1099 -1108 -1119 -1129
-811 -814 -817 -820 -823 -826 -829 -832 -835 -838 -840 -843 -846 -849 -852 -854 -857 -860 -863 -865 -868 -871 -873 -876 -879 -881 -884 -887 -890 -892 -895 -898 -901 -903 -906 -908 -910 -912 -914 -916 -918 -921 -923 -925 -927 -929 -931 -933 -936 -938 -941 -943 -946 -949 -952 -956 -959 -963 -967 -971 -984 -987 -985 -984 -987 -996 -1007 -1020 -1033 -1045 -1054 -1059 -1057 -1051 -1044 -1041 -1043 -1049 -1056 -1061 -1066 -1070 -1074 -1078 -1080 -1082 -1084
-811 -814 -817 -821 -824 -827 -830 -833 -836 -839 -841 -844 -847 -850 -853 -856 -858 -861 -864 -867 -869 -872 -875 -878 -880 -883 -886 -888 -891 -894 -896 -899 -902 -904 -907 -909 -912 -914 -916 -918 -921 -923 -925 -927 -929 -932 -934 -936 -939 -941 -944 -947 -950 -953 -956 -960 -963 -967 -971 -975 -985 -985 -984 -986 -992 -1001 -1012 -1024 -1035 -1046 -1054 -1057 -1055 -1048 -1039 -1036 -1035 -1042 -1049 -1056 -1060 -1062 -1062 -1063 -1061 -1061 -1059
-811 -813 -817 -822 -824 -827 -831 -834 -837 -840 -842 -845 -848 -851 -854 -857 -860 -862 -865 -868 -871 -874 -876 -879 -882 -884 -887 -890 -892 -895 -898 -900 -903 -906 -909 -911 -914 -916 -918 -921 -923 -925 -927 -930 -932 -934 -937 -939 -942 -944 -947 -950 -953 -956 -960 -963 -967 -971 -975 -980 -984 -984 -984 -988 -996 -1005 -1015 -1025 -1034 -1043 -1049 -1051 -1049 -1044 -1039 -1036 -1036 -1041 -1047 -1052 -1056 -1058 -1058 -1058 -1057 -1055 -1052
-811 -813 -817 -822 -825 -828 -831 -834 -837 -840 -843 -846 -849 -852 -855 -858 -861 -864 -867 -869 -872 -875 -878 -881 -883 -886 -889 -891 -894 -897 -899 -902 -905 -908 -910 -913 -915 -918 -920 -923 -925 -927 -930 -932 -935 -937 -940 -942 -945 -947 -950 -953 -956 -960 -963 -967 -971 -975 -979 -983 -986 -986 -985 -992 -1000 -1010 -1018 -1024 -1030 -1037 -1042 -1044 -1043 -1042 -1041 -1041 -1042 -1045 -1048 -1050 -1052 -1053 -1055 -1056 -1057 -1055 -1054
-812 -815 -818 -823 -827 -830 -832 -835 -838 -841 -844 -847 -850 -853 -856 -859 -862 -865 -868 -871 -874 -876 -879 -882 -885 -887 -890 -893 -895 -898 -901 -904 -907 -909 -912 -915 -917 -920 -922 -925 -927 -930 -932 -935 -937 -940 -942 -945 -948 -950 -953 -956 -959 -963 -966 -970 -974 -978 -982 -987 -992 -993 -994 -1000 -1008 -1014 -1019 -1022 -1025 -1028 -1032 -1036 -1039 -1042 -1045 -1048 -1050 -1050 -1049 -1047 -1046 -1046 -1048 -1050 -1053 -1054 -1053
-814 -816 -820 -824 -827 -830 -833 -836 -839 -842 -846 -849 -852 -855 -858 -861 -864 -866 -869 -872 -875 -878 -881 -884 -886 -889 -892 -894 -897 -900 -903 -905 -908 -911 -914 -917 -919 -922 -924 -927 -929 -932 -934 -937 -939 -942 -945 -947 -950 -953 -956 -959 -962 -966 -969 -973 -977 -981 -985 -990 -1000 -1002 -1004 -1009 -1016 -1019 -1021 -1020 -1018 -1019 -1022 -1028 -1035 -1043 -1051 -1057 -1060 -1058 -1052 -1044 -1037 -1035 -1037 -1042 -1047 -1050 -1051
-815 -817 -820 -824 -827 -831 -834 -837 -840 -844 -847 -850 -853 -856 -859 -862 -865 -868 -871 -874 -877 -880 -882 -885 -888 -891 -893 -896 -899 -901 -904 -907 -910 -913 -916 -918 -921 -924 -926 -929 -932 -934 -937 -939 -942 -945 -947 -950 -953 -956 -959 -962 -965 -968 -972 -976 -979 -983 -988 -992 -1003 -1010 -1015 -1019 -1021 -1023 -1022 -1017 -1012 -1009 -1011 -1019 -1031 -1045 -1058 -1068 -1071 -1066 -1055 -1040 -1028 -1021 -1023 -1031 -1040 -1046 -1047
-815 -818 -821 -824 -828 -831 -835 -838 -841 -845 -848 -851 -854 -857 -860 -863 -866 -869 -872 -875 -878 -881 -884 -887 -890 -892 -895 -898 -900 -903 -906 -909 -912 -915 -918 -920 -923 -926 -929 -931 -934 -936 -939 -942 -944 -947 -950 -952 -955 -958 -961 -964 -968 -971 -974 -978 -982 -986 -990 -994 -1006 -1017 -1025 -1027 -1026 -1026 -1023 -1014 -1005 -999 -999 -1009 -1026 -1045 -1064 -1077 -1082 -1073 -1057 -1036 -1017 -1007 -1006 -1019 -1035 -1042 -1044
-815 -819 -822 -825 -828 -832 -836 -839 -842 -846 -849 -852 -855 -858 -861 -865 -868 -871 -874 -877 -880 -883 -886 -888 -891 -894 -897 -899 -902 -905 -908 -911 -914 -917 -920 -922 -925 -928 -931 -933 -936 -939 -941 -944 -947 -949 -952 -955 -958 -961 -964 -967 -970 -973 -977 -980 -984 -988 -992 -996 -1008 -1021 -1032 -1035 -1034 -1029 -1022 -1011 -999 -989 -988 -999 -1018 -1042 -1065 -1081 -1087 -1078 -1057 -1032 -1008 -994 -993 -1009 -1029 -1040 -1043
