GS/mabsab_all.asc
ncols        725
nrows        803
xllcorner    -81.891666666667
yllcorner    28.408333333333
cellsize     0.016666666667
NODATA_VALUE -32768
[rows 0 to 38 of 803, columns 0 to 86 of 725]
152 152 152 152 152 152 152 152 152 152 152 152 152 152 152 152 152 153 153 153 153 153 154 154 155 155 156 156 157 158 159 160 161 163 162 162 163 164 165 165 167 171 182 189 196 201 207 209 211 213 215 216 218 223 221 223 228 234 238 245 247 255 252 250 257 255 260 263 265 268 272 275 278 280 285 284 276 282 285 300 315 328 327 325 326 326 334
152 152 152 152 152 152 152 152 152 152 152 152 152 152 153 153 153 153 153 153 154 154 154 155 156 156 157 157 158 159 159 161 161 162 164 165 169 169 169 174 183 191 199 208 211 213 214 220 223 227 230 235 239 244 250 250 253 252 253 255 252 244 247 249 259 260 258 263 269 273 276 277 284 287 289 291 286 291 289 300 315 337 339 337 334 335 344
153 153 153 153 153 153 153 153 153 153 153 153 153 153 153 153 153 153 154 154 154 155 156 156 157 157 158 159 159 160 161 162 163 166 170 177 176 182 180 182 197 206 210 210 213 223 232 240 250 255 249 232 241 236 239 243 235 243 245 246 244 242 244 255 254 255 271 277 281 280 278 285 288 292 295 299 294 297 303 297 319 340 353 349 335 336 352
153 153 153 153 153 153 153 153 153 153 153 153 153 153 153 153 154 154 154 155 155 156 157 158 158 158 159 160 161 162 163 165 169 179 183 182 184 182 193 185 205 207 218 228 240 238 225 225 230 241 238 253 261 269 287 297 291 276 266 257 250 240 246 249 248 266 279 288 288 284 278 289 292 297 301 304 304 305 307 314 308 337 357 351 335 335 359
153 153 153 153 153 153 153 153 154 154 153 153 153 154 154 154 154 155 155 155 156 157 158 159 159 160 161 162 162 164 168 180 182 183 184 188 192 196 204 197 218 234 217 220 246 261 272 279 283 297 305 301 290 275 295 307 303 287 273 251 247 238 241 244 259 273 287 299 303 297 290 290 290 298 305 310 305 309 315 321 317 319 352 344 327 332 356
153 153 153 153 153 153 154 154 154 154 154 154 154 154 154 155 155 155 156 157 157 158 159 160 161 162 162 163 165 174 184 186 185 184 190 196 202 212 221 210 217 236 258 277 291 290 298 308 317 342 359 322 308 305 301 306 305 294 283 247 244 246 247 255 265 275 288 303 305 305 297 294 292 302 306 314 319 311 311 320 325 321 329 331 316 339 356
154 154 154 154 154 154 154 154 155 155 155 155 155 155 155 155 156 156 157 158 158 159 160 160 161 162 164 169 181 183 186 190 193 197 204 209 222 227 222 238 227 244 275 298 307 308 305 322 345 374 387 346 322 316 311 312 306 299 276 244 243 244 245 256 265 275 288 304 306 308 304 300 294 301 308 317 324 323 320 316 324 324 315 313 316 334 353
154 154 154 154 154 154 154 155 155 155 155 156 156 155 156 156 157 158 158 159 159 160 161 161 162 164 173 181 183 183 189 195 203 212 215 232 232 241 251 274 263 284 274 301 318 332 317 335 356 383 389 361 334 326 314 306 302 282 268 246 244 244 252 259 267 274 288 303 308 313 306 305 300 300 306 317 327 330 329 327 322 317 309 307 307 314 340
155 155 155 155 155 155 155 155 155 156 156 156 157 157 157 157 158 158 159 159 160 161 161 163 165 173 187 187 184 186 204 216 221 231 239 250 285 296 285 302 320 320 290 326 338 352 339 360 366 384 365 355 336 333 320 312 304 287 257 246 243 245 256 260 266 276 287 303 309 315 310 307 307 303 302 313 331 339 336 331 319 310 307 307 307 307 314
155 155 155 155 155 155 155 156 156 156 157 158 157 157 158 158 159 159 160 161 162 162 164 166 177 188 192 196 201 206 225 220 217 222 233 269 327 332 317 331 338 301 333 348 354 371 351 379 379 392 370 347 335 330 322 321 307 289 253 244 244 251 261 265 262 275 287 303 311 317 316 316 313 308 303 301 323 341 333 326 321 307 307 308 310 307 307
156 156 156 156 156 156 156 156 157 158 158 159 158 158 159 159 160 160 161 162 163 168 177 186 190 199 210 221 213 221 229 222 243 288 284 283 279 311 332 348 330 339 357 362 385 384 361 365 382 396 372 348 338 335 329 322 307 293 259 244 244 254 266 273 262 274 287 304 310 318 323 325 321 311 305 298 318 340 335 326 316 307 307 310 323 321 311
156 156 156 156 156 157 157 157 157 158 158 158 159 159 159 160 161 161 163 164 174 186 190 196 209 229 233 225 239 215 245 275 299 323 329 305 295 344 374 384 352 342 373 373 394 396 376 366 381 393 372 349 338 335 329 321 306 292 254 245 245 258 271 275 263 274 286 304 312 320 327 333 329 320 307 296 312 337 340 331 318 307 307 312 328 337 333
157 157 157 157 157 157 157 157 158 158 159 159 160 160 160 160 161 162 165 177 185 193 200 226 256 260 262 258 221 220 262 312 328 335 351 280 354 395 393 396 383 376 353 385 386 385 376 371 375 387 376 350 343 335 327 318 301 282 252 245 246 259 274 275 266 274 286 304 313 319 325 332 328 319 307 291 311 340 342 332 322 308 307 321 338 352 356
157 157 157 157 157 158 158 158 159 160 160 160 160 160 161 162 162 167 182 189 193 207 238 251 265 271 275 261 215 279 298 316 319 316 298 291 343 384 381 396 381 359 365 361 372 364 375 368 370 393 370 340 336 335 327 316 299 268 244 244 247 264 274 275 268 274 287 303 315 317 325 335 335 323 303 289 310 340 348 339 330 312 307 319 333 356 370
158 158 158 158 158 158 158 159 160 160 160 160 160 161 162 165 174 184 191 199 227 232 256 274 286 292 292 274 225 301 323 346 356 340 314 299 336 379 388 372 357 365 367 350 369 382 367 367 371 391 369 341 335 333 324 314 292 262 244 245 246 268 275 275 267 274 286 302 312 312 327 336 336 328 303 289 308 340 351 337 332 319 307 308 323 354 374
159 159 159 159 159 159 160 160 160 160 161 162 163 170 175 184 186 194 204 240 257 276 283 301 309 316 313 292 233 289 327 352 379 363 340 313 344 392 355 364 372 363 355 352 382 393 367 353 381 380 368 335 328 323 318 305 291 258 245 245 254 272 277 275 266 274 285 300 308 306 325 336 336 329 306 288 304 340 352 341 329 325 308 307 309 340 370
161 161 161 161 161 161 161 162 162 162 164 170 177 185 191 195 198 208 237 260 288 296 296 309 321 333 326 315 281 256 332 344 349 366 354 344 340 348 380 382 375 377 370 370 386 397 379 348 375 363 350 335 335 334 318 305 282 248 246 245 258 275 278 274 266 274 283 296 303 301 321 334 339 331 304 287 298 337 354 343 343 340 324 310 309 315 350
163 163 164 165 167 169 169 166 165 165 174 183 197 198 198 202 209 237 264 282 300 314 322 320 330 334 340 338 302 247 320 332 334 338 331 338 336 335 375 386 382 403 380 350 365 382 394 352 367 355 342 339 338 333 308 297 271 249 244 246 261 276 278 272 269 273 281 291 294 300 319 333 340 328 304 288 289 330 352 340 335 346 339 323 321 309 318
178 175 182 188 204 207 209 200 190 194 199 193 188 188 198 205 232 262 277 289 305 325 342 356 338 317 315 335 299 245 298 319 320 335 358 336 367 351 359 366 381 400 352 355 375 394 367 349 342 349 347 348 354 337 306 283 259 249 245 245 258 275 276 273 272 279 284 282 283 297 317 334 342 329 307 288 286 322 344 332 337 352 348 331 323 332 306
204 205 211 204 211 226 226 224 219 213 209 205 184 186 202 213 250 270 283 293 304 322 345 365 356 334 311 294 279 254 291 322 314 336 355 374 381 356 367 365 364 373 344 348 386 356 339 345 347 352 356 354 365 348 306 278 258 251 246 252 257 273 275 270 276 282 283 281 280 294 314 332 341 329 308 289 285 301 324 311 338 354 357 343 329 341 337
220 222 224 209 221 230 229 229 222 214 211 195 184 201 206 227 256 270 282 294 313 320 340 365 362 352 329 314 287 253 310 316 341 349 345 343 365 371 375 370 363 355 354 339 335 352 360 366 360 358 357 347 364 351 286 274 258 253 249 248 257 273 274 270 280 283 282 281 278 292 310 329 338 325 306 293 286 287 291 316 341 354 365 360 336 335 357
228 227 213 224 232 232 230 229 230 233 236 222 200 185 208 231 257 269 275 287 306 319 323 343 349 368 351 306 261 264 291 338 353 366 352 365 364 364 366 372 367 344 339 353 337 355 368 381 380 358 339 317 334 319 278 266 257 254 252 249 255 268 274 273 282 283 277 275 275 287 306 327 338 326 313 302 290 286 284 295 333 356 372 380 363 326 354
225 209 225 232 235 236 237 237 240 246 244 237 230 210 185 192 277 279 277 276 293 308 316 322 329 364 362 324 279 264 298 346 345 370 372 376 365 363 365 371 379 358 335 335 344 367 375 386 384 365 365 347 313 278 275 262 257 253 252 252 256 264 274 276 281 283 279 275 275 286 305 327 336 323 315 307 296 290 290 284 321 363 382 380 378 325 342
218 216 231 235 239 244 252 257 256 265 270 263 265 239 217 188 214 281 284 287 282 299 307 316 313 326 341 322 300 274 299 333 327 346 368 387 378 362 365 377 369 349 343 339 339 362 383 397 373 360 365 351 313 279 274 264 258 255 254 256 262 272 282 276 284 284 278 275 275 286 307 331 332 325 316 306 300 298 296 284 306 369 377 368 384 351 324
229 229 238 239 246 255 262 261 270 281 305 303 315 280 256 223 197 222 248 248 257 279 282 288 298 321 317 311 305 292 284 306 340 362 353 360 363 354 376 377 366 343 360 347 342 368 380 381 355 356 349 323 290 274 266 260 256 255 257 262 262 273 282 278 282 282 282 275 275 288 309 331 335 329 315 305 310 307 305 288 286 354 365 340 373 376 320
230 231 238 245 250 260 264 273 284 299 320 318 320 311 272 247 204 205 223 268 284 292 305 307 296 304 306 316 321 311 305 314 344 342 345 350 348 350 349 346 344 347 351 339 347 351 364 372 335 327 317 287 274 270 273 263 258 259 259 268 275 272 282 281 283 284 282 276 275 290 315 329 337 336 321 312 315 321 316 302 281 303 347 321 366 381 349
237 245 244 244 249 279 280 279 309 320 320 321 320 324 302 262 217 200 219 267 275 306 308 320 307 295 307 322 320 313 314 313 324 329 335 341 356 368 361 351 350 348 347 337 357 343 345 338 349 341 326 280 281 279 274 263 258 263 263 271 276 277 279 282 282 284 282 275 275 292 319 331 341 337 327 310 310 333 331 324 293 281 286 303 361 373 370
245 251 257 245 262 276 288 279 319 321 321 321 320 318 315 278 239 212 229 274 277 302 324 330 333 303 301 334 327 306 306 328 332 330 350 351 365 365 361 361 359 355 378 340 358 334 346 336 353 341 332 290 301 290 273 262 259 268 272 274 281 283 282 284 283 284 283 275 275 296 318 330 342 342 331 313 305 327 344 345 316 299 291 277 298 365 352
251 258 270 273 262 260 268 267 314 321 321 321 321 316 301 283 253 209 212 264 285 304 312 319 343 331 302 310 333 305 306 324 344 332 343 359 362 365 363 365 365 352 343 372 375 327 353 324 345 333 328 293 291 289 274 271 267 272 278 277 283 287 288 281 282 285 288 276 275 298 320 333 350 350 335 316 305 321 357 350 334 319 309 305 276 287 332
267 276 284 295 292 280 263 259 275 319 321 321 321 321 321 316 288 239 210 224 277 303 293 306 337 350 333 308 306 305 311 323 349 345 337 347 353 364 368 383 367 341 363 379 380 333 337 321 322 317 301 289 288 287 289 287 276 275 284 287 284 289 287 280 281 292 291 278 277 301 320 332 347 347 333 322 311 312 360 364 345 330 315 309 313 276 280
273 287 299 316 319 316 298 281 263 310 321 321 333 343 321 320 320 283 235 203 235 286 306 298 316 345 343 330 306 304 305 321 356 355 351 357 365 376 349 370 337 349 343 336 327 319 307 302 303 292 288 289 289 280 281 286 290 286 284 286 283 284 284 276 285 290 284 274 273 297 318 331 342 354 338 338 330 305 322 362 348 337 337 304 313 290 279
283 298 317 321 320 320 320 303 284 279 321 321 321 321 321 319 321 314 274 227 222 268 314 307 307 329 336 334 331 327 305 324 357 362 351 358 362 371 340 349 350 361 385 377 350 346 325 332 314 307 286 283 281 279 277 276 276 275 274 274 274 276 274 277 278 281 281 271 273 299 315 329 343 356 341 340 334 319 320 302 330 341 316 290 281 288 298
291 307 320 320 320 321 321 321 316 276 305 321 321 321 321 310 319 320 301 271 212 253 294 319 306 313 321 335 325 317 312 319 338 363 364 344 338 336 340 358 371 363 379 384 363 350 339 334 333 300 291 290 283 285 293 284 275 274 273 272 274 274 276 273 273 279 287 270 273 307 326 337 343 356 352 343 328 336 339 319 282 334 292 286 320 338 319
290 310 320 320 320 320 321 321 321 291 292 321 318 321 321 320 304 302 314 272 217 250 258 294 306 306 323 334 335 335 320 316 330 349 343 330 339 338 352 362 366 355 367 372 365 363 343 332 328 304 296 291 288 292 299 285 279 276 273 278 274 275 276 273 270 277 286 276 271 317 329 334 336 349 359 353 333 318 343 344 307 276 286 294 326 347 328
276 303 315 321 320 320 321 321 321 317 290 311 310 321 321 321 315 277 296 246 228 258 272 302 307 304 313 330 333 335 330 319 331 348 332 330 344 353 365 358 350 352 365 361 360 359 340 334 319 303 294 293 291 289 288 276 275 277 287 282 274 276 277 275 268 274 293 276 271 308 325 319 329 336 353 363 338 309 328 359 338 267 260 296 327 312 350
273 279 301 319 320 320 320 321 321 321 319 300 307 318 320 321 320 287 234 219 260 269 301 309 305 305 312 323 329 335 323 323 329 330 327 337 335 348 356 351 342 337 350 364 351 348 339 333 311 300 298 304 302 284 279 274 277 291 288 275 275 278 279 276 271 268 286 270 273 314 317 307 321 339 350 355 349 319 303 347 330 269 270 267 277 299 322
280 275 278 298 316 310 320 320 320 321 321 320 320 314 309 319 320 303 220 267 302 300 314 307 301 318 320 320 321 323 321 326 325 320 320 335 330 336 342 335 334 333 351 359 347 342 340 336 324 301 298 297 286 279 276 275 284 287 277 279 288 288 285 279 272 266 270 268 282 301 298 304 328 335 342 340 351 317 295 307 306 286 286 287 284 259 278
295 285 275 285 305 319 320 320 320 321 326 323 321 321 306 301 306 290 259 239 285 302 311 305 301 307 320 320 320 320 320 322 326 325 329 335 334 334 337 335 335 323 345 347 343 331 335 331 305 291 291 289 284 285 278 275 284 285 281 288 294 293 290 283 273 274 274 266 269 289 267 290 324 323 333 316 315 302 292 289 291 298 322 321 332 300 259
319 306 292 279 290 319 321 321 321 321 321 320 315 307 322 300 282 307 297 231 277 289 284 312 311 305 311 320 320 320 320 321 342 336 324 329 329 334 335 335 331 315 315 309 317 313 304 303 303 298 290 288 291 288 281 278 288 289 286 291 302 303 295 282 281 278 275 304 296 306 288 275 300 325 320 296 291 317 323 306 317 303 298 337 334 347 264
